0 0.10958333333333334 0.29 0.07416666666666667 0.10363636363636364
0 0.4316666666666667 0.20272727272727273 0.21666666666666667 0.22727272727272727
0 0.3666666666666667 0.38 0.060000000000000005 0.09454545454545454
0 0.4058333333333334 0.40545454545454546 0.028333333333333335 0.03636363636363636
0 0.4929166666666667 0.3927272727272727 0.0425 0.08363636363636363
0 0.5850000000000001 0.2827272727272727 0.06333333333333334 0.10727272727272727
0 0.63375 0.35545454545454547 0.020833333333333336 0.045454545454545456
0 0.7316666666666667 0.4127272727272727 0.05333333333333334 0.09090909090909091
0 0.7820833333333334 0.33 0.10416666666666667 0.17272727272727273
0 0.7583333333333334 0.1290909090909091 0.06666666666666667 0.12
0 0.8233333333333334 0.12090909090909091 0.030000000000000002 0.045454545454545456
0 0.7362500000000001 0.024545454545454544 0.03416666666666667 0.034545454545454546
0 0.7275 0.5463636363636364 0.025 0.06
0 0.7262500000000001 0.72 0.025833333333333337 0.04363636363636364
0 0.6575000000000001 0.5609090909090909 0.08166666666666667 0.14
0 0.6883333333333334 0.47363636363636363 0.03833333333333334 0.08545454545454545
0 0.6091666666666667 0.43363636363636365 0.04166666666666667 0.06
0 0.5741666666666667 0.5972727272727273 0.04166666666666667 0.045454545454545456
0 0.6033333333333334 0.6645454545454546 0.023333333333333334 0.045454545454545456
0 0.5883333333333334 0.8236363636363636 0.035 0.03272727272727273
0 0.5341666666666667 0.8127272727272727 0.05333333333333334 0.08727272727272728
0 0.41625 0.5381818181818182 0.037500000000000006 0.05090909090909091
0 0.45375000000000004 0.49 0.04916666666666667 0.09272727272727273
0 0.20750000000000002 0.6909090909090909 0.08333333333333334 0.12363636363636364
0 0.18708333333333335 0.4318181818181818 0.05416666666666667 0.1
0 0.12375000000000001 0.3890909090909091 0.029166666666666667 0.04363636363636364
0 0.2629166666666667 0.49818181818181817 0.0275 0.04363636363636364
0 0.29333333333333333 0.4772727272727273 0.023333333333333334 0.045454545454545456
0 0.19375 0.28545454545454546 0.01916666666666667 0.04
0 0.20791666666666667 0.1318181818181818 0.029166666666666667 0.038181818181818185
0 0.17750000000000002 0.05181818181818182 0.028333333333333335 0.04909090909090909
0 0.3725 0.4709090909090909 0.011666666666666667 0.03272727272727273
0 0.49833333333333335 0.7154545454545455 0.043333333333333335 0.04909090909090909
0 0.45208333333333334 0.6 0.025833333333333337 0.05090909090909091
